H 1 +1
He 2 0
Li 3 +1
Be 4 +2
B 5 +3
C 6 +2 +4 -2 -4
N 7 -3 +2 +3 +4 +5
O 8 -2 -1 +1
F 9 -1
Ne 10 0
Na 11 +1
Mg 12 +2
Al 13 +3
Si 14 +2 +4
P 15 -3 +3 +4 +5 +1
S 16 -2 +2 +4 +6
Cl 17 -1 +1 +3 +5 +7
Ar 18 0
K 19 +1
Ca 20 +2
Sc 21 +3 +2
Ti 22 +3 +4 +2
V 23 +5 +2 +3 +4
Cr 24 +3 +2 +6 +5 +4
Mn 25 +2 +3 +4 +6 +7 +1 +5
Fe 26 +3 +2 +5 +6 +4
Co 27 +2 +3 +4
Ni 28 +2 +3 +1 +4
Cu 29 +2 +1 +3
Zn 30 +2
Ga 31 +3 +1
Ge 32 +4 +2
As 33 -3 +3 +5
Se 34 -2 +4 +2 +6
Br 35 -1 +1 +5 +7 +3
Kr 36 0
Rb 37 +1
Sr 38 +2
Y 39 +3 +2
Zr 40 +4 +3
Nb 41 +5 +3 +4 +2
Mo 42 +6 +2 +3 +4 +5
Tc 43 +7 +4
Ru 44 +4 +2 +3 +6 +8 +7 +5
Rh 45 +3 +2 +4 +5
Pd 46 +2 +4 +3
Ag 47 +1 +3 +2
Cd 48 +2
In 49 +3 +1 +2
Sn 50 +4 +2 +3
Sb 51 -3 +3 +5
Te 52 -2 +4 +2 +6
I 53 -1 +1 +5 +7
Xe 54 0
Cs 55 +1
Ba 56 +2
La 57 +3 +2
Ce 58 +3 +4 +2
Pr 59 +3 +4 +2
Nd 60 +3 +2
Pm 61 +3
Sm 62 +2 +3
Eu 63 +2 +3
Gd 64 +3
Tb 65 +3 +4
Dy 66 +3 +2
Ho 67 +3 +2
Er 68 +3
Tm 69 +2 +3
Yb 70 +2 +3
Lu 71 +3
Hf 72 +4
Ta 73 +5 +3 +4
W 74 +6 +2 +3 +4 +5
Re 75 +4 +2 +6 +7 -1 +5
Os 76 +4 +2 +3 +6 +8 +5 +7
Ir 77 +4 +2 +3 +6 +5
Pt 78 +4 +2 +5
Au 79 +3 +1 +2
Hg 80 +2 +1
Tl 81 +3 +1
Pb 82 +2 +4
Bi 83 +3 +5
Po 84 +4 +2 +6
At 85 -1 +1 +3 +5 +7
Rn 86 0
Fr 87 +1
Ra 88 +2
Ac 89 +3
Th 90 +4 +3
Pa 91 +4 +5
U 92 +3 +4 +5 +6
Np 93 +3 +4 +5 +6
Pu 94 +3 +4 +5 +6
Am 95 +3 +4 +5 +6
Cm 96 +3
Bk 97 +3 +4
Cf 98 0 +3
Es 99 +3
Fm 100 +3
Md 101 +3
No 102 +2 +3
Lr 103 +3
Rf 104 0
Db 105 0
Sg 106 0
Bh 107 0
Hs 108 0
Mt 109 0
Uun 110 0
Uuu 111 0
Uub 112 0
Uuq 114 0
Uuh 116 0
Uuo 118 0
